13185   81193   95456   53739   99490   
1150    39143   11123   48287   26651   
30466   46263   31549   11102   8034    
40213   272     69399   99909   49669   
67368   63537   97104   19195   58443   
87439   47079   30982   35684   32818   
44404   63460   71582   43030   39481   
37760   32598   4302    44637   97444   
20446   24278   48286   52669   89353   
21820   47025   14918   21323   88313   
39400   95289   92132   70041   48118   
4634    14458   21867   11184   3572    
11444   10731   63864   79679   75709   
71061   95905   33546   84685   62908   
54698   78898   75178   37303   65586   
64906   48140   42887   77175   66531   
54736   70607   53956   67213   65420   
3001    90054   34773   28602   60263   
54736   70607   53956   67213   65420   
87439   47079   30982   35684   32818   
37840   85656   24572   70412   93539   
34105   47954   51477   41553   46453   
16110   39488   69420   83145   49898   
86504   10171   60684   4306    61089   
52372   33143   98587   64769   28174   
87439   47079   30982   35684   32818   
57160   2586    75474   81819   24032   
55742   4188    54981   14955   10326   
63380   93671   30277   2220    72202   
65385   32753   19698   32132   47488   
57699   83679   15346   82947   98221   
5385    76167   87300   39909   85695   
84199   70679   61745   11880   77580   
64619   33518   97944   87234   34030   
10319   5434    4799    57721   44216   
47378   68516   60762   41347   89732   
36414   89560   51091   15442   22741   
56014   29662   85192   93111   17659   
50076   4629    9853    7866    40813   
49901   10225   29710   26596   67787   
17179   9730    88209   24331   89441   
24504   31741   67073   83410   9963    
54509   78530   70614   36810   64251   
24504   31741   67073   83410   9963    
70061   76535   98596   943     40008   
91298   73108   30048   17343   80636   
48923   33289   45479   28119   29957   
81758   75370   87551   40081   56949   
59165   76419   26650   1286    40762   
30766   33331   62708   99043   35594   
15134   18935   38049   61064   59426   
91188   62438   80582   74104   36267   
13443   17715   76638   74925   31828   
70164   19495   66344   50897   81202   
70061   76535   98596   943     40008   
89916   13636   82724   89966   30851   
49467   71780   76279   90509   81501   
42649   77249   4665    15168   69856   
29043   96886   47730   30834   69306   
86504   10171   60684   4306    61089   
92970   49109   58032   45019   27618   
94131   15424   75393   25713   37790   
8152    62493   88638   50179   73637   
16808   95173   90787   64407   91420   
76054   99963   88130   69972   15485   
70886   94951   64132   31789   81454   
37840   85656   24572   70412   93539   
61139   85736   44087   47361   87990   
54665   21522   38009   44420   88012   
20313   74974   75465   47792   78019   
36671   87873   36617   76494   87598   
37840   85656   24572   70412   93539   
70466   91349   30938   84562   80500   
63674   88252   45541   27438   85304   
23414   84080   35044   30119   65437   
70881   51470   39586   55767   53102   
20313   74974   75465   47792   78019   
21820   47025   14918   21323   88313   
95615   7323    7585    72316   1638    
6514    59853   42329   53646   8749    
48596   98029   41305   71030   52031   
13677   19995   58961   47231   97206   
52372   33143   98587   64769   28174   
13949   87658   3689    25014   42563   
87093   65560   37268   90781   14026   
25942   78063   23803   60432   91378   
68268   83927   23913   16523   49447   
38967   55329   91262   98554   82364   
48596   98029   41305   71030   52031   
62600   67699   69283   95834   46739   
8326    32998   29736   10848   13796   
69418   90738   68226   90225   30575   
93597   87933   86300   85939   46480   
87439   47079   30982   35684   32818   
87556   17140   9178    26070   40286   
79416   16885   41409   5872    1881    
63674   88252   45541   27438   85304   
90422   55022   51236   95752   53645   
92873   49621   51025   96934   43746   
85643   8115    98187   24831   44695   
26924   6910    60803   33078   73922   
2900    36950   13574   68396   17511   
78656   7727    24893   7608    35475   
87439   47079   30982   35684   32818   
86034   36708   37192   21027   5593    
25213   4979    11010   2306    55238   
75645   23417   70424   74559   81181   
96854   92224   19667   70071   68780   
47953   10338   56058   19186   7521    
39216   25966   36737   33849   92973   
71061   95905   33546   84685   62908   
21806   89707   13671   68670   97267   
3405    49201   33340   69887   10685   
133     38698   53140   74771   79122   
71061   95905   33546   84685   62908   
52215   81433   40452   96773   51903   
70610   97165   28688   78525   47427   
81758   75370   87551   40081   56949   
37840   85656   24572   70412   93539   
72673   58719   5649    22739   72986   
82247   31287   18899   35390   1069    
49717   8403    27421   33193   51951   
76372   90873   29106   72890   96371   
50020   12791   58133   13024   58923   
80400   49497   23238   42965   76422   
8173    61839   86511   48465   28814   
78533   57788   72159   33721   67072   
10184   66818   38971   17392   79937   
33115   81588   15077   42276   68644   
92559   61232   60418   53334   90898   
14536   3424    44369   68860   53513   
6431    82118   13646   76246   57351   
70061   76535   98596   943     40008   
42007   75635   24563   29168   73526   
59429   39858   99859   10137   97411   
42814   64877   88563   27240   44581   
7808    31335   79729   11526   29743   
16713   52018   32810   29488   24559   
53724   80451   64085   64732   89491   
87439   47079   30982   35684   32818   
57719   59244   9994    2896    87125   
96463   31820   44113   74820   25038   
14616   7336    35367   44672   23153   
51847   95606   40851   99293   1734    
58939   84625   80887   48305   19504   
36414   89560   51091   15442   22741   
34362   83704   4332    24461   51380   
59429   39858   99859   10137   97411   
30766   33331   62708   99043   35594   
10671   29583   24964   55684   22298   
25019   11546   38188   56298   76961   
5385    76167   87300   39909   85695   
27425   48787   25662   9132    62073   
79304   36110   76384   54818   22524   
39250   60003   23721   20822   84395   
52343   36878   63606   45696   71566   
24837   90326   30121   72516   97096   
63590   45534   19220   11215   22606   
36414   89560   51091   15442   22741   
78813   82585   73985   14341   75936   
19035   79193   77002   37809   81413   
87439   47079   30982   35684   32818   
93597   87933   86300   85939   46480   
95615   7323    7585    72316   1638    
53024   27561   45002   27739   33809   
72793   32821   49545   88370   98096   
37290   47802   58789   41574   61160   
90542   9152    48278   68329   4941    
8177    92527   67429   13092   98612   
62064   99192   51432   86492   86903   
75485   40818   47002   70344   43598   
34937   56874   3456    98152   97596   
44543   15942   85099   88336   99518   
81758   75370   87551   40081   56949   
49717   8403    27421   33193   51951   
4521    81189   31971   18759   32062   
6475    75863   5107    22086   77713   
18823   79579   50452   15413   31034   
52372   33143   98587   64769   28174   
86504   10171   60684   4306    61089   
77888   85045   40870   95436   92554   
93597   87933   86300   85939   46480   
93597   87933   86300   85939   46480   
49717   8403    27421   33193   51951   
87439   47079   30982   35684   32818   
34761   13357   17095   75584   9618    
71061   95905   33546   84685   62908   
19702   10770   57155   1208    61867   
64466   52521   54970   17660   15269   
62374   69823   887     33627   48724   
37840   85656   24572   70412   93539   
20313   74974   75465   47792   78019   
87439   47079   30982   35684   32818   
60783   16412   30200   87738   84968   
64030   17589   61342   67832   74740   
90542   9152    48278   68329   4941    
6342    96940   43808   84307   1299    
71758   57568   54963   22570   78945   
87439   47079   30982   35684   32818   
2085    83562   43444   96291   1541    
15134   18935   38049   61064   59426   
86739   76153   59946   21398   30582   
2005    90995   50957   50880   3871    
81013   1463    72447   62240   3350    
57699   83679   15346   82947   98221   
74994   72759   81614   46066   98217   
84092   13907   49972   52824   11484   
97627   44685   22465   5057    14988   
57719   59244   9994    2896    87125   
23371   33699   61172   69755   43587   
93597   87933   86300   85939   46480   
8648    62211   12953   32670   43097   
71061   95905   33546   84685   62908   
62201   81153   15541   29633   65763   
61139   85736   44087   47361   87990   
30766   33331   62708   99043   35594   
31940   87403   97937   47659   54589   
87439   47079   30982   35684   32818   
81758   75370   87551   40081   56949   
62600   67699   69283   95834   46739   
6475    75863   5107    22086   77713   
94193   12676   46028   89422   28167   
36056   59995   9252    23755   49615   
90542   9152    48278   68329   4941    
14616   7336    35367   44672   23153   
4669    67275   22340   92067   8042    
12619   76998   33626   32479   36736   
30766   33331   62708   99043   35594   
87439   47079   30982   35684   32818   
90426   16738   79718   4853    29524   
62374   69823   887     33627   48724   
62374   69823   887     33627   48724   
5385    76167   87300   39909   85695   
46723   44846   30559   24105   34172   
87439   47079   30982   35684   32818   
95764   77930   67953   89922   7179    
59589   27119   35487   66023   88064   
66811   14185   94526   88256   66509   
26543   17958   89727   46827   29925   
66083   89840   69531   4976    80985   
72793   32821   49545   88370   98096   
13778   47051   76571   72181   93715   
8326    32998   29736   10848   13796   
30208   42648   69574   20541   92466   
69344   98674   51904   53985   85972   
34761   13357   17095   75584   9618    
36671   87873   36617   76494   87598   
25514   4696    17933   64545   72455   
99369   25745   21011   90904   10292   
3010    83952   84576   46140   74448   
87439   47079   30982   35684   32818   
87439   47079   30982   35684   32818   
55742   4188    54981   14955   10326   
61157   21926   64285   92996   5295    
83090   68102   61300   38033   56314   
95389   67619   91226   12290   90722   
59334   1664    45942   77596   6632    
69418   90738   68226   90225   30575   
35576   26881   30459   30473   90665   
19932   55497   88750   56955   413     
43737   36611   78741   64134   12373   
1791    80442   46263   18448   14661   
306     98202   51378   96975   48146   
36414   89560   51091   15442   22741   
87439   47079   30982   35684   32818   
19658   43626   65690   88784   5564    
90542   9152    48278   68329   4941    
50208   46865   58      87774   31683   
62374   69823   887     33627   48724   
97363   57908   95870   1655    11701   
87439   47079   30982   35684   32818   
3085    79476   76162   1324    5247    
79756   46254   18185   57730   47760   
36414   89560   51091   15442   22741   
87439   47079   30982   35684   32818   
30766   33331   62708   99043   35594   
77477   49047   87488   59637   64101   
62374   69823   887     33627   48724   
71061   95905   33546   84685   62908   
54736   70607   53956   67213   65420   
67368   63537   97104   19195   58443   
67713   43689   97981   95807   13924   
37640   40176   87788   35710   13803   
92725   39971   60509   92020   58823   
56427   96837   12609   9849    8345    
92725   39971   60509   92020   58823   
67870   79631   55132   29744   25131   
70292   65378   28400   19593   27377   
57745   33249   96164   69896   67926   
83266   25448   8077    88236   30828   
36671   87873   36617   76494   87598   
69232   69535   70684   13546   42100   
55742   4188    54981   14955   10326   
39258   28072   35956   29144   59811   
12766   5204    3611    54094   5763    
85086   8518    50558   69386   83453   
50209   78045   775     98499   10026   
87439   47079   30982   35684   32818   
17478   46657   80909   43918   54814   
61212   30430   4818    78706   24223   
48923   33289   45479   28119   29957   
95089   30177   68209   28008   70550   
14875   80664   3823    29849   93373   
55329   23115   93556   38119   99929   
89762   13738   96598   40427   85822   
62584   23270   95973   33673   56815   
88119   43988   40424   70967   35659   
79416   16885   41409   5872    1881    
90426   16738   79718   4853    29524   
48923   33289   45479   28119   29957   
93597   87933   86300   85939   46480   
48923   33289   45479   28119   29957   
37133   52428   25556   46938   85784   
95089   30177   68209   28008   70550   
17425   45325   52502   73939   26197   
99699   12115   82404   8325    74008   
1200    2832    11444   90963   75260   
57492   95041   74362   87969   96265   
6475    75863   5107    22086   77713   
52215   81433   40452   96773   51903   
22034   33473   88501   43477   74236   
93178   50868   56664   58300   16420   
19932   55497   88750   56955   413     
71758   57568   54963   22570   78945   
58684   10548   78348   31255   5366    
82845   46931   98611   5031    22389   
86761   84314   1866    12242   42201   
57745   33249   96164   69896   67926   
10184   66818   38971   17392   79937   
48923   33289   45479   28119   29957   
31701   53862   90599   60650   81317   
29970   3545    58694   24459   61977   
57745   33249   96164   69896   67926   
25213   4979    11010   2306    55238   
32847   38562   14437   10341   98291   
35524   10751   52007   64038   227     
30766   33331   62708   99043   35594   
37840   85656   24572   70412   93539   
37840   85656   24572   70412   93539   
49717   8403    27421   33193   51951   
49717   8403    27421   33193   51951   
59140   2801    88618   2181    93803   
7780    75419   17721   89857   23446   
33501   60554   14057   58257   90179   
71469   48461   632     50477   33198   
42295   74278   31577   97339   24059   
32813   11480   68171   41247   14483   
17172   55322   14861   22924   25046   
33094   62289   90538   76309   71040   
7732    25752   65694   29825   90006   
70662   44367   13895   63038   14804   
87439   47079   30982   35684   32818   
36671   87873   36617   76494   87598   
37399   23762   93778   90235   95079   
817     7800    87322   24450   18246   
54574   4256    23603   34873   57870   
74635   11668   39708   43901   7253    
34465   14291   58183   71151   36555   
36414   89560   51091   15442   22741   
36414   89560   51091   15442   22741   
87439   47079   30982   35684   32818   
99090   14098   9805    33147   68386   
30591   14512   64139   35516   19761   
86608   37171   89318   53967   4270    
65548   28067   9636    66502   34534   
95089   30177   68209   28008   70550   
1907    37344   46348   46708   84967   
15188   40105   35320   91444   19920   
35526   37573   27147   71674   50693   
1982    27376   66249   54869   13238   
60431   66755   53654   92885   9611    
56908   79188   71038   72572   10111   
51788   21851   64578   5863    11174   
48923   33289   45479   28119   29957   
97941   84991   24298   41953   39002   
35922   13442   79226   45910   53493   
84726   3721    57523   47627   32872   
99005   72949   5459    87752   89117   
26849   22226   24943   71040   93435   
66565   52420   12489   81323   44304   
87439   47079   30982   35684   32818   
89519   39050   80844   97080   11100   
7136    90642   79764   24351   74334   
93597   87933   86300   85939   46480   
35935   80158   83854   65316   85745   
10768   14144   97999   81284   74274   
16713   52018   32810   29488   24559   
32353   97995   99288   56347   9785    
99005   72949   5459    87752   89117   
80060   80494   97049   42947   67969   
71061   95905   33546   84685   62908   
23940   93070   94504   7054    27511   
7485    26432   47879   36277   47530   
24195   36550   73763   49559   43636   
37905   43849   5776    99647   12678   
30766   33331   62708   99043   35594   
66514   39036   78382   33185   24833   
33115   81588   15077   42276   68644   
8501    54041   43356   75625   76666   
14616   7336    35367   44672   23153   
38983   45505   59095   14089   27382   
96305   82225   82045   30441   43301   
18285   92666   54587   7010    43085   
24990   33936   14705   79162   5157    
93597   87933   86300   85939   46480   
15188   40105   35320   91444   19920   
93091   92383   32330   36799   50295   
1907    37344   46348   46708   84967   
92660   90666   28229   81055   68774   
25008   51211   89014   6819    29549   
88699   5157    44082   19122   9964    
87439   47079   30982   35684   32818   
79538   32856   72128   36529   42597   
83565   25681   22906   8099    40857   
5385    76167   87300   39909   85695   
87439   47079   30982   35684   32818   
86352   13931   44364   85768   93457   
83608   4617    29320   75289   20373   
64143   67476   6061    76779   33051   
73908   25787   38487   60518   7923    
68236   44606   84138   41431   89972   
23371   33699   61172   69755   43587   
18998   5290    59672   78334   71424   
57413   14219   38304   71085   63243   
71134   23800   56297   74749   49748   
90426   16738   79718   4853    29524   
31701   53862   90599   60650   81317   
91974   84527   14650   81656   71082   
82845   46931   98611   5031    22389   
65385   32753   19698   32132   47488   
27034   41102   9479    47533   21967   
58565   39355   72352   97467   96029   
52372   33143   98587   64769   28174   
68033   80446   48556   6824    41088   
87439   47079   30982   35684   32818   
60810   28592   74662   51661   1725    
42900   46285   80789   15827   88390   
27404   57797   79237   94257   33879   
36671   87873   36617   76494   87598   
66514   39036   78382   33185   24833   
92735   74838   52341   97523   81209   
23414   84080   35044   30119   65437   
98709   22436   97943   49281   53499   
54736   70607   53956   67213   65420   
18540   69757   94126   75409   76538   
8881    725     12781   94256   30732   
32499   56063   70102   33379   16632   
40056   35101   5029    54243   62254   
92725   39971   60509   92020   58823   
87439   47079   30982   35684   32818   
23566   13409   54343   60366   10473   
19463   8641    80864   64391   4953    
45320   22022   28349   79286   66589   
53271   35883   73468   14049   87322   
5385    76167   87300   39909   85695   
97477   66170   272     89662   62668   
37840   85656   24572   70412   93539   
30766   33331   62708   99043   35594   
32496   87676   92935   91391   43373   
65548   28067   9636    66502   34534   
41688   20595   39681   38538   52958   
44161   60619   69800   67198   3469    
30781   90903   48756   38222   27600   
35935   80158   83854   65316   85745   
87439   47079   30982   35684   32818   
37196   94622   3825    11154   96586   
67870   79631   55132   29744   25131   
29889   70544   52634   10496   39838   
97941   84991   24298   41953   39002   
79923   21092   80651   44741   77500   
45063   10350   83643   15120   67590   
61590   35398   18036   28080   4550    
39010   57193   70448   53098   16835   
2900    36950   13574   68396   17511   
94131   15424   75393   25713   37790   
90971   82392   13781   19225   92957   
43680   13375   52168   41824   81017   
2367    72891   35446   82526   37398   
27151   48367   49680   71943   91940   
30766   33331   62708   99043   35594   
26079   92877   75916   6365    41888   
67109   72373   70810   97596   98989   
1150    39143   11123   48287   26651   
15877   80551   43516   87145   26671   
87439   47079   30982   35684   32818   
99097   17146   28642   76392   2356    
61036   50817   49502   27402   95175   
40013   85785   93052   98714   67928   
41214   81421   85365   52133   26552   
34105   47954   51477   41553   46453   
53040   39305   99527   65475   35194   
59899   62159   47779   71104   72960   
53682   75120   95257   55032   74849   
24288   54618   26016   69507   21097   
24071   59540   26598   84977   3089    
33554   8100    41518   73608   43235   
19035   79193   77002   37809   81413   
22836   10993   28901   96597   91673   
63289   37676   41141   30624   46801   
79058   54405   39382   68180   48544   
89762   13738   96598   40427   85822   
16203   1630    97865   87651   58596   
87439   47079   30982   35684   32818   
10681   50243   44541   30555   78645   
6475    75863   5107    22086   77713   
27202   62347   93968   22400   51756   
1222    5729    59354   82051   68671   
52761   85491   49655   40931   4198    
82739   4432    78000   69260   96222   
76772   31045   17328   67075   78736   
8648    62211   12953   32670   43097   
48596   98029   41305   71030   52031   
91197   30356   44067   57427   10857   
81758   75370   87551   40081   56949   
45629   5260    50658   28433   15799   
54736   70607   53956   67213   65420   
91734   52928   37787   28382   69696   
93597   87933   86300   85939   46480   
44450   17184   1549    51126   70148   
28576   98244   7522    80105   84203   
73883   62254   84537   84559   90364   
92725   39971   60509   92020   58823   
52044   31805   33412   51409   28525   
89103   3929    49947   43180   24816   
36671   87873   36617   76494   87598   
39118   58072   96572   22068   31531   
65525   6138    43572   67144   99035   
48923   33289   45479   28119   29957   
13059   111     1466    32850   61317   
28940   76260   55629   55830   33646   
68317   14089   13000   38514   10609   
45290   74878   12701   23651   34075   
32813   11480   68171   41247   14483   
81542   58698   88881   14402   20846   
36414   89560   51091   15442   22741   
61837   55800   91017   74323   69791   
87439   47079   30982   35684   32818   
46923   26208   82567   65273   17229   
90975   64796   20891   71922   19100   
63674   88252   45541   27438   85304   
87439   47079   30982   35684   32818   
62374   69823   887     33627   48724   
53906   7190    21417   29773   22842   
6475    75863   5107    22086   77713   
71061   95905   33546   84685   62908   
36671   87873   36617   76494   87598   
93639   78654   8152    22092   20844   
30766   33331   62708   99043   35594   
62374   69823   887     33627   48724   
16110   39488   69420   83145   49898   
20313   74974   75465   47792   78019   
57745   33249   96164   69896   67926   
87439   47079   30982   35684   32818   
55781   65259   18606   48727   39471   
86958   75831   57484   32215   56138   
87511   95423   80974   57042   47474   
71061   95905   33546   84685   62908   
30299   37146   41916   97730   21691   
90636   93344   48292   81324   87079   
57386   30006   45372   7814    83442   
90426   16738   79718   4853    29524   
90422   55022   51236   95752   53645   
6555    48431   81155   89209   92491   
94827   30693   76924   95031   70690   
32740   65236   3970    5465    23901   
30856   52478   80750   57714   45848   
81774   6515    14568   18952   32306   
97941   84991   24298   41953   39002   
49057   11595   18741   19812   66262   
81774   6515    14568   18952   32306   
81871   3607    76235   7224    92899   
86504   10171   60684   4306    61089   
87397   82123   79256   78492   54307   
3010    83952   84576   46140   74448   
90542   9152    48278   68329   4941    
73681   37720   20062   10254   41877   
61501   39221   16177   18814   3404    
95135   6842    38775   97991   51135   
21290   44335   32899   43743   22064   
42896   44401   82797   45792   10281   
43564   897     20362   10143   39427   
8321    12550   58123   80974   45034   
94044   75508   37740   99996   12962   
87439   47079   30982   35684   32818   
77888   85045   40870   95436   92554   
52372   33143   98587   64769   28174   
88699   5157    44082   19122   9964    
30163   76539   31107   42841   91628   
61202   55088   35641   50628   1319    
2992    86187   23216   44079   55500   
59430   50854   70885   18819   341     
28929   68360   98902   88794   14931   
37840   85656   24572   70412   93539   
81774   6515    14568   18952   32306   
55398   92213   45767   23606   37456   
23786   30390   69614   82218   73843   
11142   64318   94772   97700   7793    
18998   5290    59672   78334   71424   
71061   95905   33546   84685   62908   
58565   39355   72352   97467   96029   
12058   60330   64334   1412    9619    
52237   62300   32935   69014   38092   
30766   33331   62708   99043   35594   
11082   23816   31511   324     28136   
86101   76448   59768   90833   54801   
77888   85045   40870   95436   92554   
81871   3607    76235   7224    92899   
89948   77453   59346   36940   634     
99662   20377   52806   43570   63743   
30766   33331   62708   99043   35594   
49717   8403    27421   33193   51951   
70061   76535   98596   943     40008   
44660   50624   53646   54820   24678   
45675   84611   83312   38295   63251   
5385    76167   87300   39909   85695   
8177    92527   67429   13092   98612   
39216   25966   36737   33849   92973   
14616   7336    35367   44672   23153   
75569   3323    21268   45524   17687   
3953    11644   61464   90910   9103    
12604   41002   61403   83715   93697   
4221    23092   48201   51729   14933   
36849   57928   46901   80103   22551   
87439   47079   30982   35684   32818   
45290   74878   12701   23651   34075   
68789   55774   662     26403   96882   
73387   13302   84272   92034   59350   
34199   6538    18184   94160   25817   
62893   78239   45952   62211   11820   
95615   7323    7585    72316   1638    
57549   35794   58091   71790   77420   
57983   83505   24190   44789   35766   
25213   4979    11010   2306    55238   
42981   71560   13846   78904   85624   
10184   66818   38971   17392   79937   
35408   47560   76682   71891   81318   
97627   44685   22465   5057    14988   
74270   89069   72895   77291   93702   
45728   723     15364   45202   98082   
63590   45534   19220   11215   22606   
45290   74878   12701   23651   34075   
39118   58072   96572   22068   31531   
17221   14572   98637   717     54723   
7996    47139   42104   2761    57852   
7505    58811   58937   88486   44151   
8467    49664   89700   36938   78562   
87439   47079   30982   35684   32818   
36825   78728   35784   4676    64512   
12429   33311   82999   9496    81446   
92970   49109   58032   45019   27618   
87439   47079   30982   35684   32818   
36414   89560   51091   15442   22741   
81704   50741   27599   22687   10250   
93597   87933   86300   85939   46480   
62600   67699   69283   95834   46739   
66098   21795   58594   82316   56880   
54970   88154   27257   71041   33931   
67713   43689   97981   95807   13924   
65673   73349   76820   78731   16607   
50020   12791   58133   13024   58923   
87439   47079   30982   35684   32818   
44450   17184   1549    51126   70148   
18823   79579   50452   15413   31034   
28593   63526   16580   68932   84909   
14616   7336    35367   44672   23153   
64348   43130   99023   93893   35795   
1006    66529   49913   25543   77143   
54796   27322   68907   18772   47097   
62506   26762   31013   98798   36378   
77472   97433   58917   86050   64716   
25490   96401   65641   65191   97927   
35524   10751   52007   64038   227     
69720   3724    13481   50033   31282   
79304   36110   76384   54818   22524   
97941   84991   24298   41953   39002   
88446   32912   44524   66432   6721    
69105   78625   14950   81805   93045   
43680   13375   52168   41824   81017   
88717   95882   78190   32449   66839   
25213   4979    11010   2306    55238   
87439   47079   30982   35684   32818   
5295    56059   74947   62708   35878   
68236   44606   84138   41431   89972   
71704   90065   14747   99851   31766   
25531   85020   11254   90200   73317   
44630   74462   97007   18795   24435   
96442   1012    55616   24806   66408   
68470   91905   53253   94378   71680   
92025   46166   55298   14010   49603   
28061   43618   65014   9443    12140   
91734   52928   37787   28382   69696   
90636   93344   48292   81324   87079   
41662   98476   17510   35198   14807   
89461   44197   76449   30537   66398   
93597   87933   86300   85939   46480   
36671   87873   36617   76494   87598   
37290   47802   58789   41574   61160   
16242   37006   73073   72442   32610   
62374   69823   887     33627   48724   
91921   14112   42811   84548   71323   
71704   90065   14747   99851   31766   
50515   86094   22204   93961   68652   
36671   87873   36617   76494   87598   
35576   26881   30459   30473   90665   
5385    76167   87300   39909   85695   
87439   47079   30982   35684   32818   
92618   10894   31162   24903   80434   
90426   16738   79718   4853    29524   
33438   93406   45048   35160   31503   
58032   63533   10573   99005   85077   
87439   47079   30982   35684   32818   
18285   92666   54587   7010    43085   
48989   2155    10817   64877   47046   
76644   21877   67321   44855   53961   
80042   15247   49190   45814   43906   
34324   66255   79417   27128   98037   
38967   55329   91262   98554   82364   
20755   50085   17248   97633   80723   
36414   89560   51091   15442   22741   
80763   31985   41889   95207   19224   
72793   32821   49545   88370   98096   
62374   69823   887     33627   48724   
25213   4979    11010   2306    55238   
91734   52928   37787   28382   69696   
17240   92510   30597   73872   14950   
57212   55930   31482   69326   98626   
71061   95905   33546   84685   62908   
6475    75863   5107    22086   77713   
45361   56794   57768   60818   3430    
68268   83927   23913   16523   49447   
38259   33233   32333   88840   49268   
98166   77403   9975    17323   96844   
24188   79031   39766   23890   99905   
87439   47079   30982   35684   32818   
1907    37344   46348   46708   84967   
12660   56224   42851   25890   4282    
8177    92527   67429   13092   98612   
44540   98636   50628   28268   64309   
88707   83705   63184   15209   27740   
33834   28594   58142   81628   60899   
48923   33289   45479   28119   29957   
55742   4188    54981   14955   10326   
88189   45252   2673    84907   91363   
86436   63321   10183   75324   13784   
78656   7727    24893   7608    35475   
4481    39435   69016   93848   16539   
26493   87119   75489   96370   45776   
81246   36315   77592   38074   10343   
40943   41222   94065   34960   34947   
94077   6065    52209   21020   39420   
55693   17203   94981   83878   90178   
53195   70261   52595   71499   24702   
24195   36550   73763   49559   43636   
53673   84785   77307   64421   11540   
85086   8518    50558   69386   83453   
5385    76167   87300   39909   85695   
24915   93124   16998   56712   85425   
88685   57744   51525   13976   2145    
7732    25752   65694   29825   90006   
51788   21851   64578   5863    11174   
91284   76925   16154   3361    68356   
2005    90995   50957   50880   3871    
32499   56063   70102   33379   16632   
5295    56059   74947   62708   35878   
86958   75831   57484   32215   56138   
46373   17549   14086   56759   41107   
70192   98826   38895   98247   75870   
48923   33289   45479   28119   29957   
57136   34962   28542   48814   29355   
18312   30836   6924    78298   76335   
8480    31000   36759   74210   25894   
71061   95905   33546   84685   62908   
1517    98381   72104   50480   47523   
10184   66818   38971   17392   79937   
48270   50377   19926   22115   33535   
6475    75863   5107    22086   77713   
38426   38857   19246   8682    90437   
2114    87729   51244   15581   46213   
90953   23593   748     59584   10953   
6232    65264   12608   50339   59272   
23786   30390   69614   82218   73843   
80586   96885   63135   83198   71198   
33969   58974   68728   9923    82544   
93614   1951    49690   53614   43832   
62105   4828    34780   22622   61532   
81542   58698   88881   14402   20846   
23371   33699   61172   69755   43587   
10100   52499   61644   88226   54568   
3431    33618   5739    77569   82873   
13064   99417   55119   30152   29560   
30766   33331   62708   99043   35594   
45102   81388   61608   86960   53480   
54665   21522   38009   44420   88012   
1402    39697   3261    22347   91410   
52372   33143   98587   64769   28174   
62158   29900   75774   54802   79181   
86608   37171   89318   53967   4270    
95135   6842    38775   97991   51135   
37840   85656   24572   70412   93539   
73922   32259   64745   95790   13467   
57699   83679   15346   82947   98221   
87439   47079   30982   35684   32818   
23825   30148   80956   21959   14086   
35408   47560   76682   71891   81318   
66811   14185   94526   88256   66509   
87439   47079   30982   35684   32818   
98224   72501   42145   12345   46794   
76772   31045   17328   67075   78736   
48596   98029   41305   71030   52031   
70061   76535   98596   943     40008   
35576   26881   30459   30473   90665   
95491   66340   9297    41631   87249   
37133   52428   25556   46938   85784   
95766   25005   10746   56319   37619   
25213   4979    11010   2306    55238   
57691   94239   31381   7151    51154   
97627   44685   22465   5057    14988   
80586   96885   63135   83198   71198   
30591   14512   64139   35516   19761   
87439   47079   30982   35684   32818   
7732    25752   65694   29825   90006   
39153   41458   35586   93833   37669   
42802   53818   18862   19829   33636   
95089   30177   68209   28008   70550   
12623   44379   20839   15515   84742   
82033   41854   8301    29490   47139   
82262   80260   15130   82254   58502   
67713   43689   97981   95807   13924   
25213   4979    11010   2306    55238   
55199   31017   9833    8144    14431   
35892   61347   4199    90126   56377   
67109   72373   70810   97596   98989   
62105   4828    34780   22622   61532   
87439   47079   30982   35684   32818   
90636   93344   48292   81324   87079   
54024   42499   64776   26476   77591   
40568   58327   4769    21470   1815    
67937   21867   67387   59123   7393    
13648   50530   60965   82718   87391   
2515    67670   54135   68428   23321   
71242   66651   71301   26914   71414   
36414   89560   51091   15442   22741   
86416   20831   54820   65479   98842   
41796   49711   86866   37008   45321   
66651   642     77902   37690   13608   
87439   47079   30982   35684   32818   
87439   47079   30982   35684   32818   
74814   31498   80444   13793   83241   
81871   3607    76235   7224    92899   
15134   18935   38049   61064   59426   
40842   52755   79230   69393   4103    
48923   33289   45479   28119   29957   
78492   94263   420     42009   56624   
80050   59437   19203   13766   1971    
71061   95905   33546   84685   62908   
87245   52842   71060   61152   44426   
52343   36878   63606   45696   71566   
82247   31287   18899   35390   1069    
67368   63537   97104   19195   58443   
6428    48725   31752   49792   80879   
81225   94575   77871   14372   7211    
86034   36708   37192   21027   5593    
43868   85496   77459   80745   77450   
71980   366     68598   54767   63492   
87439   47079   30982   35684   32818   
9265    72430   46967   8234    34146   
95607   36529   51708   52407   84239   
5385    76167   87300   39909   85695   
87439   47079   30982   35684   32818   
43680   13375   52168   41824   81017   
87439   47079   30982   35684   32818   
72061   27981   84653   25715   42010   
45408   54716   1542    1678    32772   
97353   25427   22022   1463    43392   
58032   63533   10573   99005   85077   
93597   87933   86300   85939   46480   
24504   31741   67073   83410   9963    
30766   33331   62708   99043   35594   
40943   41222   94065   34960   34947   
6189    8812    55076   84688   8626    
58684   10548   78348   31255   5366    
65385   32753   19698   32132   47488   
81013   1463    72447   62240   3350    
84683   50222   82151   99449   40766   
7732    25752   65694   29825   90006   
56283   89661   46754   92827   69943   
68879   36511   31755   94561   32597   
73179   8948    79654   29499   22785   
91015   47548   79797   75114   95320   
79633   1852    58128   41011   31534   
65105   39605   81518   43674   96725   
76372   90873   29106   72890   96371   
72793   32821   49545   88370   98096   
9945    27050   60125   15993   44163   
29344   33096   28788   69597   65649   
80634   69992   98402   21915   70733   
87028   27694   48180   70713   88215   
24195   36550   73763   49559   43636   
86889   45967   41133   45788   70328   
81774   6515    14568   18952   32306   
40943   41222   94065   34960   34947   
2055    92861   52771   54507   97174   
42649   77249   4665    15168   69856   
35935   80158   83854   65316   85745   
15301   84197   79999   37912   17884   
80392   84656   9244    2529    41552   
52571   18909   37630   72237   96467   
48651   83957   88579   7424    55596   
1200    2832    11444   90963   75260   
8852    30196   66774   10457   36514   
20755   50085   17248   97633   80723   
87439   47079   30982   35684   32818   
40943   41222   94065   34960   34947   
68626   86854   75889   43875   37562   
36220   9286    59485   88925   66306   
22922   58321   40875   69814   64701   
87439   47079   30982   35684   32818   
35524   10751   52007   64038   227     
43237   44263   66208   53835   86894   
45320   22022   28349   79286   66589   
81758   75370   87551   40081   56949   
71061   95905   33546   84685   62908   
14616   7336    35367   44672   23153   
66098   21795   58594   82316   56880   
41331   23808   44576   82960   16223   
79697   1036    69730   64026   93156   
67713   43689   97981   95807   13924   
57413   14219   38304   71085   63243   
38329   13141   14592   86668   21353   
92970   49109   58032   45019   27618   
5385    76167   87300   39909   85695   
77505   42688   4183    98941   1102    
76241   68701   71496   52111   90097   
60583   23681   94347   36000   49130   
51788   21851   64578   5863    11174   
23429   58019   31723   88914   56548   
55329   23115   93556   38119   99929   
35408   47560   76682   71891   81318   
95573   77169   69099   9317    61604   
67499   14368   80961   59083   8252    
52571   18909   37630   72237   96467   
36414   89560   51091   15442   22741   
69299   39416   55056   22647   3685    
8425    8789    88604   36283   39133   
48683   38659   1545    12975   78759   
87439   47079   30982   35684   32818   
27802   25776   11756   43015   26978   
90542   9152    48278   68329   4941    
78656   7727    24893   7608    35475   
30766   33331   62708   99043   35594   
51847   95606   40851   99293   1734    
54396   65696   88553   82141   93817   
62228   74915   41781   79467   52117   
50906   68448   30531   22409   65709   
59171   67603   92054   12195   66598   
96791   71906   56499   28491   45616   
36671   87873   36617   76494   87598   
87439   47079   30982   35684   32818   
18431   83373   10720   92773   32685   
54412   25367   12081   67318   11453   
54736   70607   53956   67213   65420   
94955   7474    94717   53363   54688   
59874   78188   91190   15525   26379   
5742    60345   47098   16420   89998   
57413   14219   38304   71085   63243   
87439   47079   30982   35684   32818   
49717   8403    27421   33193   51951   
90542   9152    48278   68329   4941    
62057   94979   81718   293     93800   
31026   51497   29349   18511   60023   
36825   78728   35784   4676    64512   
12300   51311   83089   75239   60448   
5151    83045   37342   4196    91665   
13479   42769   72355   66340   76202   
14369   56283   78840   65786   26918   
39132   26550   24842   32648   1876    
90499   49663   59626   41223   44893   
87439   47079   30982   35684   32818   
84532   28006   22250   81847   43866   
70662   44367   13895   63038   14804   
26370   45496   6477    61800   42318   
6514    59853   42329   53646   8749    
89776   87862   21501   35933   70827   
22034   33473   88501   43477   74236   
59165   76419   26650   1286    40762   
37840   85656   24572   70412   93539   
87439   47079   30982   35684   32818   
4972    53190   13173   26886   81293   
39216   25966   36737   33849   92973   
97494   92404   3103    69158   62844   
40213   272     69399   99909   49669   
26493   87119   75489   96370   45776   
27425   48787   25662   9132    62073   
14318   39306   71547   96120   343     
44450   17184   1549    51126   70148   
64906   48140   42887   77175   66531   
27255   30561   14966   97270   58498   
26493   87119   75489   96370   45776   
250     46898   41125   9993    79979   
16983   57021   9531    31853   91920   