97550   89336   
26377   76632   
31162   57929   
3674    87850   
90867   55106   
52451   90011   
27418   41239   
20723   95518   
8676    23875   
55881   63106   
30688   68608   
16521   36842   
3267    39048   
71297   45409   
66105   26047   
17291   5678    
38446   95560   
27841   84041   
69821   82444   
99615   96663   
80598   13711   
37686   94186   
19292   77355   
94862   64202   
99615   96663   
21390   5860    
5124    70129   
2294    96832   
20493   74250   
96769   83440   
62533   33779   
16521   36842   
60961   95491   
87514   90714   
98905   58558   
99615   96663   
1385    4556    
55881   63106   
26831   16416   
79976   60794   
80412   98652   
34158   33754   
23432   53754   
29413   93153   
70538   71447   
10583   66103   
5124    70129   
35461   66783   
91561   52661   
34858   29357   
27008   20144   
59349   10790   
64166   33554   
64666   79481   
72616   29160   
86777   42279   
64166   33554   
92162   63999   
92751   97580   
54982   21423   
49030   83720   
16863   77723   
37745   31577   
16580   85238   
78827   78445   
47171   18396   
76927   46862   
1154    23134   
19292   77355   
21369   91620   
96464   84312   
61193   97193   
31991   80613   
38075   59958   
47707   58185   
72166   60444   
3267    39048   
3244    99681   
17984   45836   
72616   29160   
89348   76997   
28939   99244   
65505   67778   
29578   461     
45313   33541   
41940   47120   
60870   37638   
67775   16664   
92882   14306   
55828   39130   
70754   58016   
10478   11977   
17683   67876   
20526   55808   
12848   32989   
54104   88871   
37138   27047   
32493   36206   
73255   50403   
80757   97130   
12494   60960   
98137   30218   
25641   21543   
35880   99859   
90894   84778   
73485   76227   
25815   25747   
73614   66421   
45900   84679   
16521   36842   
12110   24142   
46263   15312   
47171   18396   
50493   12603   
30688   68608   
39494   95075   
37769   55608   
10859   66232   
28939   99244   
46089   4889    
64792   36737   
9930    33487   
56232   94169   
10044   86997   
62768   29857   
50947   73447   
34845   56671   
80240   13198   
3267    39048   
67010   58552   
66928   24664   
32493   36206   
37138   27047   
37403   92445   
69394   33145   
3267    39048   
3593    28041   
80061   27014   
91448   60657   
16521   36842   
60956   43763   
46486   30141   
26831   16416   
65115   83409   
1385    4556    
4856    58635   
21390   5860    
19644   47911   
60801   48917   
38776   80868   
39553   68796   
81055   63090   
19292   77355   
92978   8434    
73485   76227   
35362   71090   
74386   59463   
74378   83766   
17429   63962   
73283   43888   
81766   9526    
22309   37029   
47494   12956   
54632   69763   
11658   84459   
19461   57433   
48129   18092   
16521   36842   
26386   67753   
16521   36842   
16521   36842   
73614   66421   
3267    39048   
96195   74604   
31523   61374   
91561   52661   
61975   70888   
71158   13940   
88573   7649    
97550   89336   
41095   43010   
20138   47161   
22963   14168   
21824   54470   
67612   18825   
34858   29357   
54211   35023   
77451   39362   
19233   31783   
8438    62882   
59104   94637   
59081   65102   
27852   90319   
85208   92411   
96464   84312   
48738   68356   
67173   46533   
63598   52653   
16580   85238   
52515   82432   
5933    11624   
50752   71791   
25636   45421   
37403   92445   
88978   45516   
80061   27014   
17335   27525   
53719   82080   
94299   77702   
16521   36842   
72616   29160   
9694    32066   
16146   37809   
65235   74918   
16521   36842   
35306   24772   
42939   9351    
55881   63106   
25357   16916   
18848   30432   
90175   63666   
31162   57929   
35466   87497   
56181   68915   
3593    28041   
88468   56798   
47171   18396   
92882   14306   
18824   4259    
9930    33487   
94544   94277   
63628   95376   
22845   10094   
16521   36842   
27418   41239   
27082   71131   
27715   366     
30884   400     
95279   10929   
79994   91440   
55929   64405   
66928   24664   
29287   11724   
80061   27014   
68189   89278   
99146   39792   
35951   57343   
80061   27014   
50569   62078   
71504   92198   
50493   12603   
55256   20501   
31162   57929   
35461   66783   
7626    42383   
642     51147   
96728   32522   
57924   58357   
45545   8177    
13479   33255   
78727   96734   
6152    41262   
58188   3371    
63628   95376   
55881   63106   
71173   71870   
64166   33554   
73441   49753   
92393   33359   
28939   99244   
84327   70451   
47565   94067   
86796   73124   
84896   97113   
88041   50898   
7626    42383   
54708   5141    
46040   68098   
34837   4837    
1204    78182   
56232   94169   
80061   27014   
31162   57929   
70791   56396   
20526   55808   
98084   52265   
64166   33554   
56232   94169   
3267    39048   
91336   12170   
16521   36842   
24775   68378   
95736   51529   
51357   92125   
59452   87922   
20231   6199    
57109   15126   
17821   5294    
3267    39048   
70284   40000   
35573   11876   
4713    83474   
42841   990     
28939   99244   
22275   80364   
56232   94169   
49423   87894   
68128   99024   
11658   84459   
64166   33554   
15356   75270   
28939   99244   
69353   15726   
83892   51056   
97856   35747   
39494   95075   
30060   41402   
48844   43713   
95475   33584   
94377   15349   
17429   63962   
79923   36757   
30273   12368   
55881   63106   
77881   97180   
39081   92093   
7154    49162   
10059   21840   
77704   50892   
724     25229   
1385    4556    
60129   64513   
87954   20081   
61554   12641   
59199   96714   
26386   67753   
49448   45231   
83892   51056   
37504   80524   
64166   33554   
67224   98967   
20526   55808   
89448   96311   
11072   41959   
47707   58185   
99380   27747   
54982   21423   
62480   19636   
21390   5860    
15539   89899   
16521   36842   
50267   61533   
91561   52661   
1385    4556    
60712   61480   
38356   96559   
27706   96671   
5306    13771   
74156   40546   
25041   66492   
35466   87497   
75497   41363   
6321    17475   
50267   61533   
16521   36842   
3267    39048   
32493   36206   
63772   54666   
74378   83766   
57937   11035   
25641   21543   
61257   5652    
27329   97472   
46658   4529    
19774   18681   
79923   36757   
21992   86583   
89448   96311   
8228    17592   
89158   19241   
21853   85293   
57888   39748   
41537   7356    
35029   4479    
92314   31920   
97734   47499   
26269   45670   
70337   56278   
34399   11559   
58470   26093   
59104   94637   
55881   63106   
41940   47120   
20137   33268   
3267    39048   
24565   39171   
16521   36842   
1748    89121   
91204   53881   
11646   13430   
52284   55074   
60649   16749   
97187   96136   
58835   57499   
32401   62927   
65235   74918   
80061   27014   
87850   28147   
16521   36842   
11658   84459   
89646   11843   
45754   69375   
94902   4768    
10191   71205   
3267    39048   
31162   57929   
97187   96136   
90175   63666   
21417   67007   
41095   43010   
97573   47880   
71266   41973   
46735   90373   
16521   36842   
87244   14933   
34837   4837    
41637   53475   
16521   36842   
4017    97075   
50792   84734   
31162   57929   
55717   6974    
97305   36363   
16521   36842   
33734   24922   
58031   90149   
96209   1751    
72616   29160   
48905   84316   
30688   68608   
68766   64942   
28939   99244   
41313   5019    
67715   95072   
11658   84459   
64166   33554   
47171   18396   
41095   43010   
91614   46552   
55881   63106   
81817   5551    
64166   33554   
724     25229   
64166   33554   
62533   33779   
1385    4556    
26386   67753   
21907   51546   
8109    2838    
97305   36363   
80566   85225   
3267    39048   
95597   80098   
66928   24664   
53309   30529   
21981   3070    
47171   18396   
44999   57654   
69353   15726   
17519   96817   
60205   82334   
55881   63106   
54459   63391   
80061   27014   
26269   45670   
16521   36842   
20723   95518   
92782   76960   
85672   68812   
48027   70481   
6321    17475   
96763   28626   
97550   89336   
64166   33554   
60714   11487   
40330   4587    
56353   61980   
56181   68915   
31162   57929   
40425   63362   
25235   85657   
14037   41443   
36797   42506   
71636   70685   
64166   33554   
54104   88871   
52284   55074   
31162   57929   
36797   42506   
63733   98233   
58116   53579   
5124    70129   
57939   10292   
81174   70084   
90175   63666   
68948   98867   
25008   13701   
31162   57929   
19292   77355   
39964   41204   
57109   15126   
58405   34990   
20526   55808   
80061   27014   
19190   22196   
48916   8371    
98137   30218   
16521   36842   
53309   30529   
33651   57691   
44869   55818   
64166   33554   
48905   84316   
14503   75145   
91930   69211   
42949   70761   
90867   55106   
31162   57929   
74378   83766   
3267    39048   
8109    2838    
55881   63106   
92350   18161   
29193   33729   
27852   90319   
92978   8434    
7135    95224   
55881   63106   
57924   58357   
21390   5860    
6770    10294   
66672   71919   
29041   47894   
2344    42787   
39244   14610   
34837   4837    
59496   8824    
68469   98049   
87514   90714   
31980   34219   
31991   80613   
40330   4587    
71266   41973   
39081   92093   
31408   92502   
59104   94637   
80757   97130   
92302   52473   
35306   24772   
43242   14026   
97394   12576   
28575   74024   
11701   4263    
40309   80016   
31162   57929   
87217   75009   
44869   55818   
17907   98983   
85969   29076   
68948   98867   
20526   55808   
98730   18464   
10576   92643   
52515   82432   
35306   24772   
46867   90052   
79256   21191   
39188   17524   
81766   9526    
32493   36206   
62533   33779   
47171   18396   
75497   41363   
40719   87870   
70027   77338   
2249    69814   
21257   4227    
4713    83474   
64166   33554   
60129   64513   
12848   32989   
31129   21371   
50569   62078   
40741   51811   
93789   99796   
84911   56837   
91307   83497   
64166   33554   
28939   99244   
2344    42787   
67775   16664   
16521   36842   
33509   89924   
6705    70877   
55881   63106   
98730   18464   
90712   45960   
79257   7548    
78022   67733   
724     25229   
9542    57612   
97187   96136   
82163   76309   
43707   11280   
21390   5860    
79287   11727   
69516   94770   
19292   77355   
16521   36842   
24701   33050   
52175   46384   
90632   84727   
61975   70888   
61975   70888   
18872   20636   
90175   63666   
29968   56913   
95600   19460   
5639    31405   
36653   95237   
48301   52028   
96232   54734   
55717   6974    
58835   57499   
84397   72462   
19145   97319   
43752   55356   
15891   52762   
97187   96136   
32144   28619   
64166   33554   
86786   70664   
28450   39905   
54802   11715   
18356   4843    
92867   95688   
31162   57929   
37138   27047   
21417   67007   
16521   36842   
54982   21423   
26831   16416   
97470   22968   
53258   76169   
85780   65586   
19568   66234   
21777   44153   
68145   39093   
47350   460     
81513   2340    
78022   67733   
58347   19845   
50493   12603   
48685   11235   
95647   5317    
93789   99796   
53309   30529   
97187   96136   
47598   32719   
16521   36842   
38565   91875   
41716   85237   
12711   48422   
13601   43344   
66473   64481   
32493   36206   
89709   73594   
21084   42626   
62533   33779   
31180   61026   
67987   16447   
19292   77355   
64845   2452    
10189   78197   
31843   75802   
9734    60538   
96377   46241   
16521   36842   
96927   93274   
3889    53582   
39054   7106    
73614   66421   
17020   56507   
89268   21075   
66928   24664   
92978   8434    
54986   60449   
22275   80364   
25422   20580   
26557   30663   
6377    60941   
75925   86899   
94862   64202   
95647   5317    
96209   1751    
76694   59151   
96209   1751    
32932   71112   
7626    42383   
90867   55106   
40330   4587    
31162   57929   
93452   47647   
40719   87870   
785     96016   
3267    39048   
83080   95501   
63772   54666   
6208    11328   
1056    73175   
31162   57929   
31162   57929   
30688   68608   
22784   10168   
65845   97214   
49733   71439   
98137   30218   
81022   70746   
61967   47808   
64166   33554   
77886   43934   
64166   33554   
92882   14306   
22784   10168   
92978   8434    
52515   82432   
34651   77143   
31115   49108   
24858   42962   
69461   19306   
64446   52154   
92978   8434    
21981   3070    
16521   36842   
75497   41363   
32493   36206   
35733   63408   
96209   1751    
71814   87564   
20526   55808   
68948   98867   
34837   4837    
92978   8434    
7626    42383   
43770   69579   
39817   95735   
26186   39776   
28575   74024   
23152   61597   
55881   63106   
48823   19815   
26386   67753   
11366   58280   
3267    39048   
26831   16416   
5124    70129   
8557    23785   
76927   46862   
44554   19346   
53719   82080   
10478   11977   
67775   16664   
72178   20703   
26924   41046   
40425   63362   
18084   25296   
44768   57631   
39817   95735   
70754   58016   
33180   34026   
70662   17128   
97856   35747   
55881   63106   
62533   33779   
5124    70129   
3889    53582   
80757   97130   
87954   20081   
56286   18586   
60956   43763   
92867   95688   
59702   60303   
46867   90052   
12262   43708   
76458   4853    
24858   42962   
45293   97380   
31991   80613   
58227   6960    
40309   80016   
23452   58787   
25703   88062   
44950   59636   
39340   18451   
81513   2340    
90867   55106   
31162   57929   
2451    43401   
92350   18161   
29562   1396    
17429   63962   
40330   4587    
3267    39048   
13131   25085   
24858   42962   
95597   80098   
77049   82295   
10044   86997   
71636   70685   
46319   7336    
33222   41990   
40309   80016   
92978   8434    
42949   70761   
42960   48390   
38840   86287   
32401   62927   
92751   97580   
99746   36425   
10766   89845   
50892   88790   
17519   96817   
81174   70084   
82163   76309   
20526   55808   
54921   53218   
26386   67753   
37627   4907    
38075   59958   
92978   8434    
93202   50244   
27277   20804   
56181   68915   
58300   81293   
31162   57929   
9542    57612   
67715   95072   
64166   33554   
34837   4837    
78727   96734   
2344    42787   
66928   24664   
81895   84462   
32354   86391   
64166   33554   
60205   82334   
29578   461     
90278   81916   
62533   33779   
23486   41251   
32493   36206   
93030   86132   
64179   90771   
72616   29160   
52284   55074   
86796   73124   
16521   36842   
72178   20703   
72616   29160   
41334   47215   
1385    4556    
30060   41402   
16521   36842   
3267    39048   
91966   10526   
55310   28125   
21390   5860    
57109   15126   
64246   80441   
96981   5315    
40925   23112   
34381   25987   
16521   36842   
71731   3573    
35563   35152   
18662   12555   
52404   20763   
68255   62903   
15173   49601   
98137   30218   
73765   77864   
61571   60838   
10191   71205   
98730   18464   
91191   97824   
92459   11434   
21379   95299   
16521   36842   
19292   77355   
21422   64533   
26386   67753   
54784   79010   
98760   51507   
69870   31312   
76783   16387   
16521   36842   
65486   88258   
7007    35192   
58031   90149   
3267    39048   
35029   4479    
72616   29160   
5032    28462   
17291   5678    
36797   42506   
27435   60745   
97305   36363   
91930   69211   
6844    3433    
11701   4263    
55881   63106   
93789   99796   
35419   27985   
12618   85573   
50467   42971   
1385    4556    
1425    95454   
27841   84041   
30573   44939   
88334   64684   
32116   24211   
52515   82432   
48129   18092   
48150   7063    
63043   66748   
42960   48390   
89403   88705   
22963   14168   
31991   80613   
86786   70664   
13051   82404   
16580   85238   
97880   57418   
32493   36206   
3506    89441   
64166   33554   
47350   460     
64166   33554   
71731   3573    
97389   62828   
61975   70888   
19883   38872   
40330   4587    
16521   36842   
22539   9584    
87786   9875    
23232   69865   
65727   39481   
46040   68098   
25041   66492   
63772   54666   
35306   24772   
90867   55106   
67224   98967   
67775   16664   
8109    2838    
97550   89336   
16521   36842   
53559   3646    
29578   461     
29623   60323   
30369   69422   
73614   66421   
48322   63466   
88970   90083   
92867   95688   
16521   36842   
79925   75835   
34110   80970   
25673   1378    
47707   58185   
69348   53260   
60801   48917   
33453   72386   
23232   69865   
16521   36842   
55881   63106   
72178   20703   
25149   11400   
9494    99517   
97400   81152   
63446   54719   
31162   57929   
10044   86997   
64288   40274   
41518   85933   
31162   57929   
52515   82432   
92715   76334   
3646    94408   