13304   
83221   
43830   
49877   
10171   
47010   
21682   
61148   
19096   
72122   
49877   
60839   
73033   
21799   
5360    
37725   
5360    
4406    
47367   
73438   
14261   
8512    
49951   
11523   
42182   
81318   
81073   
75134   
76279   
71258   
53562   
24923   
83338   
36928   
91540   
83177   
25942   
47859   
83146   
70351   
34408   
77995   
2045    
8512    
1184    
85282   
25942   
78915   
40720   
24071   
8512    
53579   
77742   
19385   
34241   
34188   
57420   
21009   
73088   
34408   
76329   
42316   
75409   
58748   
7828    
25942   
37632   
22672   
57013   
37626   
91759   
42316   
60966   
7257    
15169   
47010   
64778   
47800   
25942   
39279   
28876   
32936   
1184    
30099   
39031   
54215   
62919   
99512   
94059   
23404   
78601   
91759   
28876   
17432   
34241   
46377   
67675   
81114   
8512    
27820   
46026   
74755   
89478   
23511   
74864   
25942   
4406    
8512    
8422    
81114   
96104   
21248   
46377   
76201   
73321   
48596   
31680   
46346   
1045    
33183   
5553    
37725   
98376   
11367   
98094   
46142   
68223   
1184    
21009   
21762   
34955   
25942   
64778   
22672   
17602   
92230   
17042   
30099   
72585   
25942   
89357   
26206   
25942   
46519   
46064   
59850   
46346   
74755   
19699   
59850   
99798   
52562   
44965   
83701   
11367   
71258   
69845   
4406    
47800   
8512    
27820   
1184    
93772   
30099   
82052   
62299   
89597   
26206   
58748   
39279   
73154   
68655   
75717   
24484   
45392   
77634   
27438   
1045    
33775   
68513   
87144   
99798   
40562   
86878   
69747   
86418   
25942   
72585   
58754   
35418   
27889   
59106   
1472    
1184    
70696   
63000   
68300   
42050   
53195   
30099   
26888   
47010   
19944   
68846   
62863   
68891   
62863   
54644   
22340   
76279   
16172   
27820   
25942   
81810   
35429   
34747   
79960   
12287   
73354   
59850   
51709   
37725   
34892   
8512    
49058   
4151    
73438   
76329   
87695   
14679   
20679   
15095   
79796   
8512    
3469    
48404   
52678   
37725   
69228   
12461   
73304   
65911   
43648   
37729   
66997   
41440   
1184    
9077    
62919   
72021   
97721   
25942   
46342   
18965   
25942   
41006   
46142   
54373   
42676   
93820   
43648   
96689   
3469    
74864   
17432   
76329   
94628   
35079   
31325   
59007   
22089   
32718   
30099   
38381   
91786   
74317   
94243   
50145   
43685   
73090   
73456   
14225   
47800   
97590   
85575   
68705   
39725   
49586   
37725   
76279   
75913   
54194   
72255   
22269   
17432   
57203   
41319   
51492   
28876   
64901   
70902   
26170   
94119   
46377   
63193   
46158   
1748    
73033   
24923   
16103   
20543   
30099   
47010   
2486    
28876   
24484   
27820   
25942   
49871   
15510   
86878   
77368   
13883   
8512    
29834   
2045    
30099   
37725   
95924   
90249   
76279   
25899   
52252   
39942   
93996   
89744   
73691   
12668   
47800   
49090   
35566   
16531   
2045    
38286   
47010   
50474   
97894   
35446   
95756   
34110   
4916    
85830   
54644   
75035   
72122   
36010   
56432   
8446    
52429   
76261   
8512    
70593   
7833    
91786   
25942   
43685   
62919   
23075   
81114   
8512    
74059   
69845   
34769   
23531   
73911   
66610   
49951   
8512    
10412   
13127   
74822   
76279   
54595   
30099   
9485    
8512    
22637   
62922   
75155   
87144   
31208   
81301   
83899   
20623   
37725   
79586   
1184    
2577    
76286   
89324   
1184    
60736   
51709   
38011   
28882   
25942   
64166   
34747   
15169   
84632   
29306   
18264   
73523   
59850   
24983   
22643   
99798   
71258   
62919   
55387   
70916   
94489   
82055   
92230   
58192   
44679   
67438   
34176   
4662    
21260   
18965   
83146   
15169   
46346   
18965   
27015   
70593   
26170   
62919   
60873   
47021   
15626   
86466   
71189   
49090   
66878   
56122   
28037   
27820   
49090   
48299   
78702   
74171   
43277   
48016   
64778   
46342   
62863   
65837   
34455   
63925   
46377   
54373   
46920   
61928   
42325   
51533   
50498   
15169   
47010   
59850   
52429   
79962   
85770   
27820   
39075   
91132   
19166   
3882    
41819   
59850   
93032   
37725   
76329   
97253   
47463   
90958   
85238   
37875   
96414   
1045    
74864   
87633   
32815   
30742   
65837   
18965   
93800   
3882    
88707   
91786   
85417   
42050   
75284   
26621   
8512    
91786   
54857   
8512    
94042   
8512    
34476   
72070   
61133   
34169   
83338   
25942   
59106   
37725   
94489   
38490   
49877   
28359   
8512    
58261   
54524   
86466   
49175   
43277   
38936   
26919   
99798   
29032   
30498   
79146   
21009   
32936   
46058   
27263   
69747   
36928   
13092   
8512    
83338   
65299   
20950   
19424   
35253   
77567   
17167   
26888   
31173   
3877    
91132   
8917    
4554    
25942   
87267   
27503   
86919   
34408   
25942   
92230   
21009   
51472   
5360    
4930    
62919   
35083   
37626   
82475   
8512    
49058   
92772   
18917   
98249   
74864   
25108   
60132   
3882    
24858   
43528   
21799   
8512    
25942   
70709   
9157    
73033   
63560   
13092   
32414   
91279   
59850   
78814   
44679   
50593   
9756    
5360    
35613   
19399   
28964   
92230   
57668   
76279   
30099   
15169   
44679   
99798   
5617    
69650   
54194   
48262   
4375    
37336   
94614   
68276   
18796   
65299   
76337   
73515   
37725   
25725   
96723   
62555   
7578    
37725   
99118   
41818   
53120   
78285   
23613   
73360   
77567   
90263   
2395    
38936   
40654   
65267   
83338   
59850   
4613    
12461   
49205   
99495   
18264   
32936   
53195   
20529   
23847   
61401   
47800   
83146   
1184    
79810   
74059   
73407   
94502   
11597   
75913   
12461   
53538   
31173   
582     
62690   
34025   
354     
24089   
98735   
21056   
67281   
71189   
93015   
95924   
49877   
41344   
59715   
40258   
30058   
24923   
97332   
20679   
54229   
64213   
68891   
77567   
65299   
25942   
49205   
59850   
83221   
3877    
59850   
8694    
8364    
52493   
62863   
52493   
65001   
92230   
18965   
354     
17278   
37488   
706     
37841   
36056   
24990   
30099   
30099   
52493   
15999   
76503   
25405   
76279   
77195   
1184    
14277   
54896   
96263   
1184    
34200   
18054   
20543   
5582    
77925   
59850   
37085   
28876   
354     
78945   
71258   
73523   
26888   
8512    
73470   
16939   
76279   
17432   
46342   
45829   
66997   
94614   
1184    
43685   
25942   
2838    
34446   
59850   
83338   
1184    
15718   
59850   
64336   
30539   
76279   
2045    
89781   
52429   
73100   
16531   
84888   
87531   
74218   
11989   
16340   
67298   
89337   
10857   
25066   
94614   
14985   
21001   
30099   
1184    
35253   
25942   
21009   
58261   
10914   
8512    
89854   
39279   
24923   
45454   
20696   
77594   
29112   
42083   
8512    
33210   
28929   
1748    
47010   
32637   
1765    
84767   
85115   
83223   
41454   
59850   
21001   
49090   
65924   
73438   
42050   
29796   
58261   
8917    
15036   
30099   
99798   
45222   
1184    
73321   
32553   
21009   
30099   
31310   
1184    
82731   
87154   
7108    
36850   
66523   
47010   
75913   
21009   
15169   
94489   
37146   
84568   
94614   
28439   
30099   
65837   
3521    
54388   
78899   
74755   
26888   
46342   
30099   
92977   
25942   
20543   
98429   
95924   
92432   
96923   
59850   
64297   
87084   
67120   
87593   
56122   
1184    
35698   
92230   
73321   
23531   
83338   
88147   
91956   
1765    
6721    
52429   
34446   
71527   
4613    
61133   
47010   
37616   
1184    
18483   
17167   
31173   
67990   
45846   
13073   
21602   
79975   
85770   
71258   
89357   
83223   
87695   
49044   
3688    
73523   
1184    
61148   
55605   
18264   
94510   
95196   
98780   
74593   
66997   
5360    
13883   
74018   
42325   
86008   
25942   
50145   
80283   
71258   
22258   
27347   
24543   
84352   
74159   
14482   
54004   
95924   
62919   
36761   
83146   
5547    
63714   
2001    
13092   
82052   
32414   
40344   
30099   
94206   
41006   
13973   
35304   
21260   
34431   
35253   
30099   
66523   
8512    
61133   
10789   
61102   
30099   
36056   
71925   
83338   
29796   
27820   
93792   
10709   
7880    
33659   
83146   
88147   
8512    
38381   
99798   
12672   
65924   
30539   
81832   
10383   
59850   
92076   
93716   
9157    
71189   
75775   
97183   
54720   
37484   
30099   
30269   
97332   
13092   
75035   
25404   
57522   
79751   
57668   
96689   
89697   
91132   
56122   
2045    
66537   
61622   
85842   
19118   
73691   
66523   
99798   
15999   
76329   
87178   
19118   
47010   
17432   
9680    
70062   
34521   
99651   
18096   